dataFileVersion = 4
numFileSegments = 1
minCoordinates = [
 -50.000000
 -35.000000
 -25.000000
 ]
maxCoordinates = [
 50.000000
 35.000000
 25.000000
 ]
nodeCount = 26
dataDecompType = 2
dataDecompGeometry = [
 1
 1
 1
 ]

#
#  END OF DATA FILE PARAMETERS
#

domainDecomposition = 
# Dom_ID  Minimum XYZ bounds   Maximum XYZ bounds
  0  -50.000000  -35.000000  -25.000000  50.000000  35.000000  25.000000
nodalData =
# Primary lines: node_tag, x, y, z, num_arms, constraint
# Secondary lines: arm_tag, burgx, burgy, burgz, nx, ny, nz
0,    0  -3.333333333333 -11.666666666667   0.000000000000    3    0
         0,    9   0.577350269190   0.577350269190   0.577350269190
                   0.408248290464  -0.816496580928   0.408248290464
         0,   17  -0.577350269190  -0.577350269190   0.577350269190
                  -0.408248290464  -0.408248290464  -0.816496580928
         0,   18   0.000000000000   0.000000000000  -1.154700538379
                  -0.400818834020  -0.916157334902  -0.000000000000
0,    1  50.000000000000 -35.000000000000   0.000000000000    3    0
         0,    2  -0.577350269190  -0.577350269190  -0.577350269190
                   0.408248290464  -0.816496580928   0.408248290464
         0,   10   0.577350269190   0.577350269190  -0.577350269190
                  -0.408248290464  -0.408248290464  -0.816496580928
         0,   25  -0.000000000000  -0.000000000000   1.154700538379
                  -0.400818834020  -0.916157334902  -0.000000000000
0,    2 -44.814814814815 -32.407407407407   0.000000000000    2    0
         0,    1   0.577350269190   0.577350269190   0.577350269190
                   0.408248290464  -0.816496580928   0.408248290464
         0,    3  -0.577350269190  -0.577350269190  -0.577350269190
                   0.408248290464  -0.816496580928   0.408248290464
0,    3 -39.629629629630 -29.814814814815   0.000000000000    2    0
         0,    2   0.577350269190   0.577350269190   0.577350269190
                   0.408248290464  -0.816496580928   0.408248290464
         0,    4  -0.577350269190  -0.577350269190  -0.577350269190
                   0.408248290464  -0.816496580928   0.408248290464
0,    4 -34.444444444444 -27.222222222222   0.000000000000    2    0
         0,    3   0.577350269190   0.577350269190   0.577350269190
                   0.408248290464  -0.816496580928   0.408248290464
         0,    5  -0.577350269190  -0.577350269190  -0.577350269190
                   0.408248290464  -0.816496580928   0.408248290464
0,    5 -29.259259259259 -24.629629629630   0.000000000000    2    0
         0,    4   0.577350269190   0.577350269190   0.577350269190
                   0.408248290464  -0.816496580928   0.408248290464
         0,    6  -0.577350269190  -0.577350269190  -0.577350269190
                   0.408248290464  -0.816496580928   0.408248290464
0,    6 -24.074074074074 -22.037037037037   0.000000000000    2    0
         0,    5   0.577350269190   0.577350269190   0.577350269190
                   0.408248290464  -0.816496580928   0.408248290464
         0,    7  -0.577350269190  -0.577350269190  -0.577350269190
                   0.408248290464  -0.816496580928   0.408248290464
0,    7 -18.888888888889 -19.444444444444   0.000000000000    2    0
         0,    6   0.577350269190   0.577350269190   0.577350269190
                   0.408248290464  -0.816496580928   0.408248290464
         0,    8  -0.577350269190  -0.577350269190  -0.577350269190
                   0.408248290464  -0.816496580928   0.408248290464
0,    8 -13.703703703704 -16.851851851852   0.000000000000    2    0
         0,    7   0.577350269190   0.577350269190   0.577350269190
                   0.408248290464  -0.816496580928   0.408248290464
         0,    9  -0.577350269190  -0.577350269190  -0.577350269190
                   0.408248290464  -0.816496580928   0.408248290464
0,    9  -8.518518518519 -14.259259259259   0.000000000000    2    0
         0,    8   0.577350269190   0.577350269190   0.577350269190
                   0.408248290464  -0.816496580928   0.408248290464
         0,    0  -0.577350269190  -0.577350269190  -0.577350269190
                   0.408248290464  -0.816496580928   0.408248290464
0,   10 -44.814814814815  29.814814814815   0.000000000000    2    0
         0,    1  -0.577350269190  -0.577350269190   0.577350269190
                  -0.408248290464  -0.408248290464  -0.816496580928
         0,   11   0.577350269190   0.577350269190  -0.577350269190
                  -0.408248290464  -0.408248290464  -0.816496580928
0,   11 -39.629629629630  24.629629629630   0.000000000000    2    0
         0,   10  -0.577350269190  -0.577350269190   0.577350269190
                  -0.408248290464  -0.408248290464  -0.816496580928
         0,   12   0.577350269190   0.577350269190  -0.577350269190
                  -0.408248290464  -0.408248290464  -0.816496580928
0,   12 -34.444444444444  19.444444444444   0.000000000000    2    0
         0,   11  -0.577350269190  -0.577350269190   0.577350269190
                  -0.408248290464  -0.408248290464  -0.816496580928
         0,   13   0.577350269190   0.577350269190  -0.577350269190
                  -0.408248290464  -0.408248290464  -0.816496580928
0,   13 -29.259259259259  14.259259259259   0.000000000000    2    0
         0,   12  -0.577350269190  -0.577350269190   0.577350269190
                  -0.408248290464  -0.408248290464  -0.816496580928
         0,   14   0.577350269190   0.577350269190  -0.577350269190
                  -0.408248290464  -0.408248290464  -0.816496580928
0,   14 -24.074074074074   9.074074074074   0.000000000000    2    0
         0,   13  -0.577350269190  -0.577350269190   0.577350269190
                  -0.408248290464  -0.408248290464  -0.816496580928
         0,   15   0.577350269190   0.577350269190  -0.577350269190
                  -0.408248290464  -0.408248290464  -0.816496580928
0,   15 -18.888888888889   3.888888888889   0.000000000000    2    0
         0,   14  -0.577350269190  -0.577350269190   0.577350269190
                  -0.408248290464  -0.408248290464  -0.816496580928
         0,   16   0.577350269190   0.577350269190  -0.577350269190
                  -0.408248290464  -0.408248290464  -0.816496580928
0,   16 -13.703703703704  -1.296296296296   0.000000000000    2    0
         0,   15  -0.577350269190  -0.577350269190   0.577350269190
                  -0.408248290464  -0.408248290464  -0.816496580928
         0,   17   0.577350269190   0.577350269190  -0.577350269190
                  -0.408248290464  -0.408248290464  -0.816496580928
0,   17  -8.518518518519  -6.481481481481   0.000000000000    2    0
         0,   16  -0.577350269190  -0.577350269190   0.577350269190
                  -0.408248290464  -0.408248290464  -0.816496580928
         0,    0   0.577350269190   0.577350269190  -0.577350269190
                  -0.408248290464  -0.408248290464  -0.816496580928
0,   18   2.592592592593 -14.259259259259   0.000000000000    2    0
         0,    0  -0.000000000000  -0.000000000000   1.154700538379
                  -0.400818834020  -0.916157334902  -0.000000000000
         0,   19   0.000000000000   0.000000000000  -1.154700538379
                  -0.400818834020  -0.916157334902  -0.000000000000
0,   19   8.518518518519 -16.851851851852   0.000000000000    2    0
         0,   18  -0.000000000000  -0.000000000000   1.154700538379
                  -0.400818834020  -0.916157334902  -0.000000000000
         0,   20   0.000000000000   0.000000000000  -1.154700538379
                  -0.400818834020  -0.916157334902  -0.000000000000
0,   20  14.444444444444 -19.444444444444   0.000000000000    2    0
         0,   19  -0.000000000000  -0.000000000000   1.154700538379
                  -0.400818834020  -0.916157334902  -0.000000000000
         0,   21   0.000000000000   0.000000000000  -1.154700538379
                  -0.400818834020  -0.916157334902  -0.000000000000
0,   21  20.370370370370 -22.037037037037   0.000000000000    2    0
         0,   20  -0.000000000000  -0.000000000000   1.154700538379
                  -0.400818834020  -0.916157334902  -0.000000000000
         0,   22   0.000000000000   0.000000000000  -1.154700538379
                  -0.400818834020  -0.916157334902  -0.000000000000
0,   22  26.296296296296 -24.629629629630   0.000000000000    2    0
         0,   21  -0.000000000000  -0.000000000000   1.154700538379
                  -0.400818834020  -0.916157334902  -0.000000000000
         0,   23   0.000000000000   0.000000000000  -1.154700538379
                  -0.400818834020  -0.916157334902  -0.000000000000
0,   23  32.222222222222 -27.222222222222   0.000000000000    2    0
         0,   22  -0.000000000000  -0.000000000000   1.154700538379
                  -0.400818834020  -0.916157334902  -0.000000000000
         0,   24   0.000000000000   0.000000000000  -1.154700538379
                  -0.400818834020  -0.916157334902  -0.000000000000
0,   24  38.148148148148 -29.814814814815   0.000000000000    2    0
         0,   23  -0.000000000000  -0.000000000000   1.154700538379
                  -0.400818834020  -0.916157334902  -0.000000000000
         0,   25   0.000000000000   0.000000000000  -1.154700538379
                  -0.400818834020  -0.916157334902  -0.000000000000
0,   25  44.074074074074 -32.407407407407   0.000000000000    2    0
         0,   24  -0.000000000000  -0.000000000000   1.154700538379
                  -0.400818834020  -0.916157334902  -0.000000000000
         0,    1   0.000000000000   0.000000000000  -1.154700538379
                  -0.400818834020  -0.916157334902  -0.000000000000
